/* /////////////////////////////////////////
             sidebar first Icon */

/* 
<svg xmlns="http://www.w3.org/2000/svg" width="59" height="59" fill="none"><path fill="#F9F9F9" d="M.422.09h58.109v58.109H.422z"/><path d="M37.948 14.732l8.117 11.341H29.83l8.118-11.34z" fill="#4494A0"/><circle cx="19.723" cy="24.43" r="6.832" fill="#D76F32"/><path fill="#EF9F44" d="M32.13 30.216l7.116 7.161-7.161 7.115-7.116-7.161z"/></svg> */










/* /////////////////////////////////////////
             sidebar second Icon */

/* 

/* <svg xmlns="http://www.w3.org/2000/svg"width="59"height="59"fill="none"><path fill="#F9F9F9"d="M.422.09h58.109v58.109H.422z"/><circle cx="28.233"cy="30.479"r="10.85"fill="#D76F32"/><path d="M41.569 30.294c0-7.365-5.97-13.335-13.335-13.335v13.335H41.57z"fill="#273739"/></svg> */










/* /////////////////////////////////////////
             sidebar third Icon */

/* 


<svg xmlns="http://www.w3.org/2000/svg" width="59" height="59" fill="none"><path fill="#F9F9F9" d="M.422.201h58.109V58.31H.422z"/><path fill="#EF9F44" d="M34.994 18.445l10.963 11.034-11.034 10.963L23.96 29.408z"/><path fill="#273739" d="M23.996 18.07l10.998 10.998-10.998 10.999-10.998-10.999z"/></svg>











/* /////////////////////////////////////////
             forth third Icon */

/* 


<svg xmlns="http://www.w3.org/2000/svg" width="59" height="59" fill="none"><path fill="#F9F9F9" d="M.422.313h58.109v58.109H.422z"/><path d="M29.477 15.073l15.075 21.061h-30.15l15.075-21.06z" fill="#4494A0"/><circle cx="29.478" cy="37.206" r="6.456" fill="#273739"/></svg>









/* /////////////////////////////////////////
             header Icon */

/* <svg xmlns="http://www.w3.org/2000/svg" viewBox="0 0 194.228 42.443" class="hive-logo logo-light" data-v-58f5522e="" ><path d="M58.858 13.527h2.409v5.667h6.1v-5.667h2.409v13.822h-2.408v-5.924h-6.1v5.924h-2.41zM72.487 17.5h2.369v9.853h-2.369zm1.145-1.343a1.348 1.348 0 0 1-.988-.415 1.433 1.433 0 0 1 0-1.974 1.382 1.382 0 0 1 1.975 0 1.339 1.339 0 0 1 0 1.974 1.345 1.345 0 0 1-.987.411zM86.349 17.5l-3.732 9.853h-2.488L76.4 17.5h2.429l2.547 7.167L83.92 17.5zm2.858 5.7a2.758 2.758 0 0 0 .415 1.2 2.588 2.588 0 0 0 2.31 1.263 2.547 2.547 0 0 0 1.56-.454 2.266 2.266 0 0 0 .849-1.046l1.994.612a4.187 4.187 0 0 1-1.58 2.053 4.737 4.737 0 0 1-2.823.79 4.855 4.855 0 0 1-4.344-2.518 5.485 5.485 0 0 1-.652-2.686 5.4 5.4 0 0 1 .652-2.645 4.963 4.963 0 0 1 1.8-1.857 4.8 4.8 0 0 1 2.527-.691 4.542 4.542 0 0 1 2.449.652A4.2 4.2 0 0 1 96 19.648a5.852 5.852 0 0 1 .572 2.646v.906zm5.272-1.816a2.387 2.387 0 0 0-.336-1.007 2.33 2.33 0 0 0-.868-.849 2.432 2.432 0 0 0-1.343-.356 2.609 2.609 0 0 0-1.836.652 2.758 2.758 0 0 0-.869 1.56zm14.428 6.219a5.672 5.672 0 0 1-3.435-1.007 5.054 5.054 0 0 1-1.857-2.922l2.251-.652a3.8 3.8 0 0 0 1.067 1.837 3.014 3.014 0 0 0 1.974.572 3.3 3.3 0 0 0 1.935-.513 1.666 1.666 0 0 0 .751-1.461 1.552 1.552 0 0 0-.593-1.242 4.631 4.631 0 0 0-2.113-.75 8.227 8.227 0 0 1-3.652-1.442 3.285 3.285 0 0 1-1.225-2.7 3.745 3.745 0 0 1 .613-2.113 4.175 4.175 0 0 1 1.737-1.441 5.756 5.756 0 0 1 2.527-.533 4.894 4.894 0 0 1 3.14.987 4.982 4.982 0 0 1 1.7 2.784l-2.251.632a3.345 3.345 0 0 0-.908-1.678 2.367 2.367 0 0 0-1.679-.553 2.965 2.965 0 0 0-1.8.493 1.658 1.658 0 0 0-.672 1.422 1.272 1.272 0 0 0 .672 1.165 8.055 8.055 0 0 0 2.231.711 7.3 7.3 0 0 1 3.534 1.5 3.488 3.488 0 0 1 1.146 2.76 3.662 3.662 0 0 1-.672 2.172 4.323 4.323 0 0 1-1.836 1.461 6.352 6.352 0 0 1-2.585.513zm10.559.02a2.779 2.779 0 0 1-1.994-.75 2.9 2.9 0 0 1-.79-2.172v-5.132h-1.7V17.5h1.7v-2.571h2.369V17.5h2.508v2.073h-2.508v4.8q0 1.047.928 1.047a1.314 1.314 0 0 0 .909-.336l.987 1.678a2.258 2.258 0 0 1-.889.593 3.694 3.694 0 0 1-1.52.27zm3.905-10.123h1.955l.335 1.145a2.883 2.883 0 0 1 .988-1.007 2.674 2.674 0 0 1 1.5-.415 3.23 3.23 0 0 1 .988.139 2.566 2.566 0 0 1 .71.335l-.847 2.07a1.53 1.53 0 0 0-.493-.237 2.185 2.185 0 0 0-.691-.1 1.869 1.869 0 0 0-1.481.691 2.707 2.707 0 0 0-.593 1.856v5.371h-2.369zm9.106 5.706a2.756 2.756 0 0 0 .414 1.2 2.588 2.588 0 0 0 2.309 1.264 2.547 2.547 0 0 0 1.56-.454 2.266 2.266 0 0 0 .849-1.046l1.994.612a4.187 4.187 0 0 1-1.58 2.053 4.737 4.737 0 0 1-2.823.79 4.855 4.855 0 0 1-4.344-2.527 5.474 5.474 0 0 1-.652-2.686 5.386 5.386 0 0 1 .652-2.645 4.963 4.963 0 0 1 1.8-1.857 4.8 4.8 0 0 1 2.527-.691 4.536 4.536 0 0 1 2.448.652 4.2 4.2 0 0 1 1.639 1.777 5.839 5.839 0 0 1 .573 2.646v.906zm5.272-1.816a2.387 2.387 0 0 0-.336-1.007 2.325 2.325 0 0 0-.869-.849 2.428 2.428 0 0 0-1.342-.356 2.61 2.61 0 0 0-1.837.652 2.763 2.763 0 0 0-.868 1.56zm6.939 6.239a3.83 3.83 0 0 1-1.7-.375 3.019 3.019 0 0 1-1.224-1.066 3.022 3.022 0 0 1 .4-3.693 5.305 5.305 0 0 1 3.041-1.165l2.113-.3v-.118a1.6 1.6 0 0 0-1.817-1.8 2.036 2.036 0 0 0-1.382.415 1.872 1.872 0 0 0-.573 1.184l-2.096-.511a3.978 3.978 0 0 1 1.4-2.231 4.4 4.4 0 0 1 2.725-.751 4.578 4.578 0 0 1 2.942.928 3.242 3.242 0 0 1 1.165 2.725v6.477h-1.992l-.257-.889a3.135 3.135 0 0 1-2.745 1.166zm.632-1.915a2.157 2.157 0 0 0 1.422-.474 1.681 1.681 0 0 0 .573-1.343v-1.149l-1.955.3a2.97 2.97 0 0 0-1.363.474 1.1 1.1 0 0 0-.414.928 1.122 1.122 0 0 0 .454.928 2.181 2.181 0 0 0 1.283.332zm6.531-8.214h1.955l.316 1.165a3.5 3.5 0 0 1 1.264-1.027 3.768 3.768 0 0 1 1.777-.415 3.081 3.081 0 0 1 1.678.415 2.725 2.725 0 0 1 .987 1.066 4 4 0 0 1 1.3-1.066 3.942 3.942 0 0 1 1.856-.415 3.007 3.007 0 0 1 2.31.909 3.732 3.732 0 0 1 .869 2.7v6.516H163.8v-5.864q0-2.073-1.678-2.073a1.747 1.747 0 0 0-1.382.612 2.561 2.561 0 0 0-.533 1.738v5.588h-2.37v-5.865a2.256 2.256 0 0 0-.454-1.56 1.576 1.576 0 0 0-1.244-.513 1.747 1.747 0 0 0-1.382.612 2.516 2.516 0 0 0-.533 1.738v5.588h-2.37zm16.759 0h2.369v9.853h-2.369zm1.145-1.343a1.345 1.345 0 0 1-.987-.415 1.431 1.431 0 0 1 0-1.974 1.381 1.381 0 0 1 1.974 0 1.337 1.337 0 0 1 0 1.974 1.345 1.345 0 0 1-.987.411zm3.673 1.343h1.955l.336 1.185a3.563 3.563 0 0 1 3-1.462 3.322 3.322 0 0 1 2.626 1.027 4.631 4.631 0 0 1 .909 3.14v5.963h-2.37V21.7q0-2.291-1.915-2.291a2.019 2.019 0 0 0-1.56.671 2.611 2.611 0 0 0-.612 1.856v5.411h-2.37zm15.765 14.078a4.9 4.9 0 0 1-3.041-.869 4.248 4.248 0 0 1-1.52-2.33l2.211-.493a2.044 2.044 0 0 0 .75 1.224 2.564 2.564 0 0 0 1.6.454 2.694 2.694 0 0 0 1.955-.671 2.418 2.418 0 0 0 .71-1.876v-1.2a2.87 2.87 0 0 1-1.145 1.046 3.769 3.769 0 0 1-1.816.415 4.52 4.52 0 0 1-4.107-2.449 5.809 5.809 0 0 1 0-5.114 4.567 4.567 0 0 1 1.678-1.816 4.487 4.487 0 0 1 2.409-.672 3.605 3.605 0 0 1 1.836.435 3.127 3.127 0 0 1 1.145 1.027l.435-1.185h1.935v9.478a4.332 4.332 0 0 1-1.343 3.337 5.131 5.131 0 0 1-3.692 1.255zm.039-6.437a2.439 2.439 0 0 0 1.876-.79 2.913 2.913 0 0 0 .75-2.093 2.939 2.939 0 0 0-.75-2.112 2.462 2.462 0 0 0-1.9-.79 2.525 2.525 0 0 0-1.916.79 2.985 2.985 0 0 0-.73 2.112 2.913 2.913 0 0 0 .75 2.093 2.525 2.525 0 0 0 1.92.786z" fill="#fff" class="l-text" data-v-58f5522e=""></path> <path d="M18.378 0l18.379 10.611v21.221L18.378 42.443 0 31.832V10.611z" fill="#ef9f44" class="l-shape" data-v-58f5522e=""></path> <path d="M12.566 14.849h3.278v5.311h5.074v-5.311H24.2v13.822h-3.282v-5.45h-5.074v5.45h-3.278z" fill="#fff" data-v-58f5522e=""></path> 
</svg>  */








Video